5 0.750053 0.80998 0.450296 0.0562441 0.997989
4 0.252293 0.809948 0.451282 0.0543695 0.991249
2 0.226412 0.19494 0.44688 0.38988 0.978651
1 0.624895 0.219291 0.100367 0.0992628 0.95983
2 0.733559 0.188169 0.437296 0.376337 0.901781
2 0.225377 0.342827 0.450754 0.430933 0.862282
0 0.126043 0.218834 0.102486 0.0991654 0.769752
2 0.731619 0.262394 0.44101 0.474084 0.741181
3 0.659002 0.181644 0.60592 0.363287 0.516242
2 0.653127 0.37261 0.594504 0.413169 0.449288
2 0.710057 0.329085 0.47767 0.438054 0.444797
2 0.225087 0.413338 0.450173 0.466177 0.375594
3 0.740718 0.161472 0.439978 0.322944 0.373294
