0 0.12843122786304603 0.21943231441048036 0.10389610389610389 0.10043668122270742
1 0.12843122786304603 0.21943231441048036 0.10389610389610389 0.10043668122270742
5 0.12843122786304603 0.21943231441048036 0.10389610389610389 0.10043668122270742
0 0.627840909090909 0.21943231441048036 0.10389610389610389 0.10262008733624454
2 0.627840909090909 0.21943231441048036 0.10389610389610389 0.10262008733624454
6 0.627840909090909 0.21943231441048036 0.10389610389610389 0.10262008733624454
3 0.22773391381345928 0.17412663755458516 0.45546782762691856 0.3482532751091703
1 0.22773391381345928 0.17412663755458516 0.45546782762691856 0.3482532751091703
5 0.22773391381345928 0.17412663755458516 0.45546782762691856 0.3482532751091703
3 0.7264241440377803 0.1730349344978166 0.4545454545454545 0.3460698689956332
2 0.7264241440377803 0.1730349344978166 0.4545454545454545 0.3460698689956332
6 0.7264241440377803 0.1730349344978166 0.4545454545454545 0.3460698689956332
4 0.25003689492325853 0.8078602620087336 0.4580873671782763 0.05676855895196507
1 0.25003689492325853 0.8078602620087336 0.4580873671782763 0.05676855895196507
5 0.25003689492325853 0.8078602620087336 0.4580873671782763 0.05676855895196507
4 0.7482659386068478 0.8073144104803494 0.4580873671782763 0.05786026200873363
2 0.7482659386068478 0.8073144104803494 0.4580873671782763 0.05786026200873363
6 0.7482659386068478 0.8073144104803494 0.4580873671782763 0.05786026200873363