3 0.217773 0.169039 0.420724 0.325943 1
3 0.715634 0.17806 0.430333 0.337106 0.999999
6 0.712519 0.183685 0.424082 0.349045 0.998849
6 0.627827 0.219471 0.104293 0.100373 0.998733
0 0.626783 0.219413 0.103994 0.0990553 0.995347
4 0.746736 0.806972 0.455646 0.0610752 0.994238
4 0.250174 0.808301 0.457427 0.0568084 0.991805
5 0.129831 0.220278 0.105291 0.0989596 0.9913
2 0.625818 0.219992 0.101234 0.0982259 0.985372
0 0.128898 0.219372 0.105873 0.0990559 0.984289
1 0.209959 0.176894 0.419919 0.352121 0.983667
2 0.744962 0.807389 0.452633 0.0606258 0.978481
1 0.128789 0.219378 0.104292 0.100327 0.971144
5 0.245498 0.80784 0.455133 0.0594675 0.931413
2 0.732652 0.185817 0.455699 0.32221 0.910439
3 0.727218 0.56508 0.359576 0.329143 0.90452
1 0.709081 0.552232 0.353712 0.311967 0.904481
2 0.250462 0.80925 0.452727 0.0567575 0.890857
3 0.195931 0.55449 0.34322 0.33597 0.827714
3 0.209165 0.350617 0.418329 0.548546 0.809247
5 0.215687 0.188406 0.421294 0.324481 0.807917
1 0.159934 0.548855 0.319869 0.307027 0.802944
6 0.741425 0.807505 0.467219 0.0585518 0.780593
3 0.71824 0.347739 0.401759 0.557172 0.736243
5 0.746257 0.806368 0.448212 0.0626732 0.629293
5 0.231822 0.345052 0.463644 0.559133 0.615475
3 0.715828 0.484612 0.385873 0.356455 0.602875
5 0.724593 0.577176 0.370964 0.296346 0.589554
3 0.717239 0.715789 0.441647 0.483892 0.573178
1 0.639388 0.525949 0.451357 0.236034 0.505112
5 0.680177 0.608001 0.462369 0.24701 0.464914
5 0.24703 0.498402 0.49406 0.308223 0.367525
1 0.252684 0.808084 0.4605 0.0563072 0.347524
5 0.739237 0.189515 0.461508 0.324199 0.34561
1 0.710616 0.495693 0.383684 0.308565 0.300529
6 0.811022 0.806604 0.346255 0.0595354 0.290447
3 0.765576 0.425115 0.468849 0.482182 0.264629
3 0.326347 0.700651 0.560439 0.515315 0.263093
3 0.210303 0.602884 0.370674 0.334786 0.253202
5 0.660834 0.652067 0.499161 0.347822 0.252618
